0,0,237.18
0,1,238.71
0,2,240.56
0,3,242.83
0,4,315.64
0,5,319.09
0,6,339.03
0,7,258.36
0,8,264.1
0,9,270.21
0,10,276.16
0,11,2.33
0,12,14.43
0,13,15.42
0,14,284.72
0,15,282.81
0,16,5.8
0,17,276.89
0,18,273.5
0,19,270.11
0,20,266.85
0,21,263.79
0,22,350.99
1,0,242.18
1,1,243.71
1,2,245.85
1,3,247.83
1,4,320.64
1,5,324.09
1,6,343.32
1,7,262.86
1,8,269.4
1,9,275.51
1,10,281.45
1,11,6.83
1,12,10.34
1,13,11.32
1,14,288.81
1,15,287.1
1,16,10.09
1,17,281.39
1,18,278.5
1,19,275.4
1,20,271.13
1,21,267.89
1,22,346.9
2,0,247.18
2,1,248.71
2,2,251.15
2,3,252.83
2,4,325.64
2,5,329.09
2,6,339.03
2,7,267.36
2,8,274.69
2,9,280.8
2,10,286.75
2,11,11.33
2,12,6.25
2,13,7.23
2,14,292.9
2,15,291.38
2,16,5.8
2,17,285.89
2,18,283.5
2,19,280.69
2,20,275.42
2,21,271.98
2,22,342.81
3,0,327.18
3,1,327.91
3,2,329.59
3,3,331.64
3,4,334.16
3,5,337.28
3,6,341.1
3,7,345.74
3,8,351.16
3,9,357.14
3,10,3.24
3,11,8.9
3,12,13.17
3,13,15.16
3,14,15.25
3,15,13.89
3,16,11.53
3,17,8.53
3,18,5.21
3,19,1.79
3,20,358.45
3,21,355.29
3,22,352.36
4,0,257.18
4,1,258.71
4,2,261.74
4,3,262.83
4,4,335.64
4,5,339.09
4,6,330.46
4,7,276.36
4,8,285.28
4,9,291.39
4,10,297.34
4,11,2.33
4,12,358.07
4,13,359.05
4,14,301.09
4,15,299.95
4,16,357.23
4,17,294.89
4,18,293.5
4,19,291.28
4,20,283.99
4,21,280.16
4,22,334.63
5,0,262.18
5,1,263.71
5,2,267.03
5,3,267.83
5,4,330.64
5,5,334.09
5,6,326.18
5,7,280.86
5,8,290.57
5,9,296.68
5,10,302.63
5,11,357.83
5,12,353.98
5,13,354.96
5,14,305.18
5,15,304.24
5,16,352.95
5,17,299.39
5,18,298.5
5,19,296.58
5,20,288.27
5,21,284.25
5,22,330.53
6,0,267.18
6,1,268.71
6,2,272.32
6,3,272.83
6,4,325.64
6,5,329.09
6,6,321.89
6,7,285.36
6,8,295.87
6,9,301.98
6,10,307.92
6,11,353.33
6,12,349.89
6,13,350.87
6,14,309.27
6,15,308.53
6,16,348.66
6,17,303.89
6,18,303.5
6,19,301.87
6,20,292.56
6,21,288.34
6,22,326.44
7,0,327.18
7,1,327.91
7,2,329.59
7,3,331.64
7,4,334.16
7,5,337.28
7,6,341.1
7,7,345.74
7,8,351.16
7,9,357.14
7,10,3.24
7,11,8.9
7,12,13.17
7,13,15.16
7,14,15.25
7,15,13.89
7,16,11.53
7,17,8.53
7,18,5.21
7,19,1.79
7,20,358.45
7,21,355.29
7,22,352.36
8,0,277.18
8,1,278.71
8,2,282.91
8,3,282.83
8,4,315.64
8,5,319.09
8,6,313.32
8,7,294.36
8,8,306.46
8,9,312.57
8,10,318.51
8,11,344.33
8,12,341.71
8,13,342.69
8,14,317.45
8,15,317.1
8,16,340.09
8,17,312.89
8,18,313.5
8,19,312.46
8,20,301.13
8,21,296.52
8,22,318.26
9,0,282.18
9,1,283.71
9,2,288.21
9,3,287.83
9,4,310.64
9,5,314.09
9,6,309.03
9,7,298.86
9,8,311.75
9,9,317.86
9,10,323.81
9,11,339.83
9,12,337.62
9,13,338.6
9,14,321.54
9,15,321.38
9,16,335.8
9,17,317.39
9,18,318.5
9,19,317.75
9,20,305.42
9,21,300.61
9,22,314.17
10,0,287.18
10,1,288.71
10,2,293.5
10,3,292.83
10,4,305.64
10,5,309.09
10,6,304.75
10,7,303.36
10,8,317.04
10,9,323.15
10,10,329.1
10,11,335.33
10,12,333.53
10,13,334.51
10,14,325.63
10,15,325.67
10,16,331.52
10,17,321.89
10,18,323.5
10,19,323.05
10,20,309.7
10,21,304.7
10,22,310.08
11,0,327.18
11,1,327.91
11,2,329.59
11,3,331.64
11,4,334.16
11,5,337.28
11,6,341.1
11,7,345.74
11,8,351.16
11,9,357.14
11,10,3.24
11,11,8.9
11,12,13.17
11,13,15.16
11,14,15.25
11,15,13.89
11,16,11.53
11,17,8.53
11,18,5.21
11,19,1.79
11,20,358.45
11,21,355.29
11,22,352.36
12,0,297.18
12,1,298.71
12,2,304.09
12,3,302.83
12,4,295.64
12,5,299.09
12,6,296.18
12,7,312.36
12,8,327.63
12,9,333.74
12,10,339.69
12,11,326.33
12,12,325.34
12,13,326.32
12,14,333.81
12,15,334.24
12,16,322.95
12,17,330.89
12,18,333.5
12,19,333.63
12,20,318.27
12,21,312.89
12,22,301.9
13,0,302.18
13,1,303.71
13,2,309.38
13,3,307.83
13,4,290.64
13,5,294.09
13,6,291.89
13,7,316.86
13,8,332.93
13,9,339.04
13,10,344.98
13,11,321.83
13,12,321.25
13,13,322.23
13,14,337.9
13,15,338.53
13,16,318.66
13,17,335.39
13,18,338.5
13,19,338.93
13,20,322.56
13,21,316.98
13,22,297.81
14,0,307.18
14,1,308.71
14,2,314.68
14,3,312.83
14,4,285.64
14,5,289.09
14,6,287.6
14,7,321.36
14,8,338.22
14,9,344.33
14,10,350.28
14,11,317.33
14,12,317.16
14,13,318.14
14,14,342.0
14,15,342.81
14,16,314.37
14,17,339.89
14,18,343.5
14,19,344.22
14,20,326.85
14,21,321.07
14,22,293.72
15,0,327.18
15,1,327.91
15,2,329.59
15,3,331.64
15,4,334.16
15,5,337.28
15,6,341.1
15,7,345.74
15,8,351.16
15,9,357.14
15,10,3.24
15,11,8.9
15,12,13.17
15,13,15.16
15,14,15.25
15,15,13.89
15,16,11.53
15,17,8.53
15,18,5.21
15,19,1.79
15,20,358.45
15,21,355.29
15,22,352.36
16,0,317.18
16,1,318.71
16,2,325.26
16,3,322.83
16,4,275.64
16,5,279.09
16,6,279.03
16,7,330.36
16,8,348.81
16,9,354.92
16,10,0.87
16,11,308.33
16,12,308.98
16,13,309.96
16,14,350.18
16,15,351.38
16,16,305.8
16,17,348.89
16,18,353.5
16,19,354.81
16,20,335.42
16,21,329.25
16,22,285.53
17,0,322.18
17,1,323.71
17,2,330.56
17,3,327.83
17,4,270.64
17,5,274.09
17,6,274.75
17,7,334.86
17,8,354.1
17,9,0.21
17,10,6.16
17,11,303.83
17,12,304.89
17,13,305.87
17,14,354.27
17,15,355.67
17,16,301.52
17,17,353.39
17,18,358.5
17,19,0.11
17,20,339.7
17,21,333.34
17,22,281.44
18,0,327.18
18,1,328.71
18,2,325.26
18,3,332.83
18,4,265.64
18,5,269.09
18,6,270.46
18,7,339.36
18,8,348.81
18,9,354.92
18,10,0.87
18,11,299.33
18,12,300.8
18,13,301.78
18,14,358.36
18,15,359.95
18,16,297.23
18,17,357.89
18,18,3.5
18,19,354.81
18,20,343.99
18,21,337.43
18,22,277.35
19,0,327.18
19,1,327.91
19,2,329.59
19,3,331.64
19,4,334.16
19,5,337.28
19,6,341.1
19,7,345.74
19,8,351.16
19,9,357.14
19,10,3.24
19,11,8.9
19,12,13.17
19,13,15.16
19,14,15.25
19,15,13.89
19,16,11.53
19,17,8.53
19,18,5.21
19,19,1.79
19,20,358.45
19,21,355.29
19,22,352.36
20,0,317.18
20,1,327.18
20,2,327.91
20,3,318.71
20,4,329.59
20,5,314.68
20,6,331.64
20,7,322.83
20,8,334.16
20,9,255.64
20,10,337.28
20,11,259.09
20,12,341.1
20,13,261.89
20,14,345.74
20,15,348.36
20,16,351.16
20,17,338.22
20,18,357.14
20,19,344.33
20,20,3.24
20,21,350.28
20,22,8.9
20,23,290.33
20,24,13.17
20,25,292.62
20,26,15.16
20,27,293.6
20,28,15.25
20,29,6.54
20,30,13.89
20,31,8.53
20,32,11.53
20,33,288.66
20,34,8.53
20,35,6.89
20,36,5.21
20,37,353.5
20,38,1.79
20,39,344.22
20,40,358.45
20,41,352.56
20,42,355.29
20,43,345.61
20,44,352.36
20,45,269.17
21,0,312.18
21,1,313.71
21,2,309.38
21,3,317.83
21,4,250.64
21,5,254.09
21,6,257.6
21,7,343.86
21,8,332.93
21,9,339.04
21,10,344.98
21,11,285.83
21,12,288.53
21,13,289.51
21,14,10.63
21,15,12.81
21,16,284.37
21,17,2.39
21,18,348.5
21,19,338.93
21,20,356.85
21,21,349.7
21,22,265.08
22,0,307.18
22,1,308.71
22,2,304.09
22,3,312.83
22,4,245.64
22,5,249.09
22,6,253.32
22,7,339.36
22,8,327.63
22,9,333.74
22,10,339.69
22,11,281.33
22,12,284.43
22,13,285.42
22,14,14.72
22,15,8.53
22,16,280.09
22,17,357.89
22,18,343.5
22,19,333.63
22,20,352.56
22,21,353.79
22,22,260.99
