[0.0,0.0,0.0,0.0,0.0,-1
,0.0,0.03,0.07,0.14,-1
,0.0,0.09,0.36,0.82,1.11,-1
,0.08,0.7,1.92,3.72,-1
,0.0,0.75,2.95,6.43,8.57,-1
,0.39,3.4,8.84,15.79,-1
,0.0,2.86,10.38,19.96,24.69,-1
,1.33,10.57,23.19,33.89,-1
,0.0,8.75,25.26,37.74,42.09,-1
,4.28,25.58,40.69,48.67,-1
,0.0,22.68,42.58,51.13,53.67,-1
,13.06,43.0,52.9,57.35,-1
,0.0,40.68,53.95,58.67,60.06,-1
,30.2,54.11,59.57,62.06,-1
,0.0,43.22,54.99,59.14,60.37,-1
,24.22,50.98,57.46,60.37,-1
,0.0,43.22,54.99,59.14,60.37,-1
,24.22,50.98,57.46,60.37,-1
,0.0,43.22,54.99,59.14,60.37,-1
,24.22,50.98,57.46,60.37,-1
,0.0,43.22,54.99,59.14,60.37,-1
]